160 5
595 15
773 5
314 5
227 25
484 5
633 15
930 5
46 15
849 5
595 15
83 5
227 35
633 25
494 5
329 15
297 15
633 25
297 25
46 25
329 25
227 45
46 35
329 35
297 35
227 55
46 45
329 35
297 35
227 65
46 45
227 65
835 5
804 5
970 5
520 5
890 15
769 5
801 15
348 35
140 35
455 35
700 25
675 45
976 55
670 5
468 5
201 5
331 5
901 15
35 15
698 15
558 15
978 25
426 35
986 35
62 25
674 35
875 55
475 55
469 5
842 5
2 5
47 15
479 15
529 5
795 5
998 15
533 15
957 15
208 35
567 25
277 35
929 25
782 15
274 5
846 15
752 15
76 5
916 5
446 15
655 15
488 5
207 5
30 5
265 5
812 15
575 35
77 35
410 25
963 35
427 35
625 35
346 65
432 55
179 55
992 105
588 5
266 5
868 5
786 15
956 5
151 15
208 15
741 35
319 35
454 25
632 25
459 25
333 45
857 45
837 55
402 5
303 5
461 5
565 5
712 5
807 15
734 5
728 15
612 25
135 35
952 35
942 35
93 35
147 65
328 75
429 5
501 5
260 5
201 5
221 15
734 35
748 25
146 25
713 35
549 35
770 45
162 55
724 45
885 65
793 15
606 15
600 15
175 15
724 35
978 35
687 35
999 35
204 45
869 45
665 55
43 65
880 65
889 95
278 95
294 5
486 5
791 15
816 15
269 15
656 25
222 25
597 25
828 35
614 55
571 55
907 65
45 75
6 105
286 135
793 5
439 5
881 5
661 15
314 25
277 35
712 45
400 45
359 45
124 55
713 65
910 65
677 85
107 85
158 105
253 5
63 5
2 5
380 5
492 15
889 15
27 35
909 35
318 25
146 25
549 35
630 35
193 45
72 45
29 75
647 5
555 5
825 5
839 15
594 5
919 15
20 5
791 15
374 15
261 15
944 15
165 15
328 15
463 15
712 15
577 15
684 15
769 15
948 15
166 15
98 15
24 15
461 15
691 15
718 15
112 15
819 15
54 15
62 15
542 15
901 15
728 15
989 15
33 15
677 15
493 15
364 15
403 15
757 15
39 15
855 15
796 15
114 15
836 15
659 15
233 15
270 15
97 15
324 15
579 15
746 15
859 15
77 15
256 25
327 15
735 5
388 25
624 5
789 5
468 35
587 5
115 5
491 35
198 5
958 5
633 25
335 5
592 5
56 5
12 25
871 5
733 15
686 15
642 15
970 15
810 15
798 15
741 25
325 15
90 5
746 25
732 5
523 5
414 35
492 5
255 5
12 35
799 5
658 5
525 25
144 5
574 5
694 25
888 5
493 5
169 25
114 5
239 5
926 25
505 5
911 5
175 5
199 25
584 5
461 25
118 5
216 5
718 25
630 5
972 5
19 25
880 5
134 5
895 15
575 15
616 15
283 15
868 15
782 15
868 25
86 25
920 15
427 35
756 35
634 15
117 15
746 15
698 15
398 15
630 15
536 25
777 25
81 15
125 35
449 35
607 15
79 15
506 15
479 15
330 15
171 15
484 25
601 25
851 15
326 35
141 35
120 15
677 15
40 15
413 15
599 15
643 15
721 25
128 5
89 5
586 25
759 5
400 5
153 35
662 5
295 5
216 35
605 5
624 5
489 25
870 5
812 5
777 25
57 5
587 5
909 25
865 5
527 5
651 25
271 5
39 5
638 25
356 5
950 5
294 25
689 5
691 5
949 5
999 25
531 5
103 25
9 5
483 5
40 5
294 25
815 5
372 25
772 5
344 5
125 25
697 5
761 5
561 25
690 5
734 5
18 15
933 15
141 15
375 25
866 15
571 35
105 15
247 15
740 25
966 35
659 15
490 15
772 15
881 25
76 15
235 35
794 15
447 15
23 15
72 25
94 15
279 35
194 15
633 25
841 35
373 35
564 35
152 35
426 35
961 35
96 35
395 35
461 35
592 35
209 65
351 25
805 25
400 65
480 25
300 25
297 65
384 25
394 25
975 95
139 25
838 25
188 95
680 25
694 25
899 95
95 25
417 25
106 85
271 25
701 25
658 85
908 25
847 25
435 85
514 25
53 25
627 85
392 25
381 25
149 85
995 25
956 25
482 85
107 25
370 25
524 85
72 25
774 25
99 85
314 25
453 25
593 85
699 25
701 25
83 25
967 85
840 25
214 85
285 25
882 25
261 85
299 25
669 25
857 85
456 25
173 25
937 85
836 25
861 25
281 85
442 25
221 25
60 35
197 35
260 35
288 35
168 35
647 35
598 65
804 35
620 25
441 65
904 25
59 25
542 35
830 35
186 35
503 95
506 25
909 25
803 95
46 25
40 25
782 65
293 25
718 25
24 35
914 35
489 35
680 35
613 35
723 35
148 35
907 35
949 35
752 35
85 35
866 35
479 65
811 5
489 5
705 65
185 5
902 5
901 65
201 5
661 5
813 95
877 5
689 5
647 95
195 5
24 5
776 95
650 5
860 5
476 65
443 5
479 5
992 5
855 65
423 5
437 65
774 5
344 5
221 65
230 5
340 5
237 65
847 5
914 5
657 65
680 5
355 5
104 65
747 5
453 5
101 65
31 5
228 5
551 65
720 5
689 5
236 65
118 5
270 5
642 65
693 5
267 5
817 65
20 5
82 5
572 65
631 5
999 5
163 65
515 5
764 5
228 65
213 5
772 5
44 65
754 5
91 5
329 65
658 5
264 5
77 65
472 5
504 5
103 65
26 5
8 5
786 65
458 5
238 5
843 65
846 5
254 5
332 65
683 5
233 5
969 65
795 5
394 5
101 65
98 5
167 5
774 65
243 5
334 5
20 65
413 5
591 5
871 65
182 5
900 5
24 65
310 5
572 5
194 5
746 65
143 5
795 65
73 5
242 5
183 65
415 5
833 5
803 65
608 5
291 5
114 65
179 5
709 5
52 5
635 5
679 65
291 65
192 5
321 5
713 65
132 5
446 5
334 65
414 5
567 5
498 35
874 35
321 35
273 65
764 35
173 15
635 35
881 35
592 35
649 65
692 15
574 15
604 35
509 35
615 35
47 35
446 35
407 35
550 65
632 35
46 35
551 95
647 25
64 25
443 95
986 25
890 25
421 85
384 25
219 25
671 85
351 25
359 25
792 85
803 25
968 25
60 85
905 25
564 25
429 85
560 25
681 25
155 85
879 25
914 25
244 85
747 25
965 25
412 35
729 25
193 35
860 25
601 35
641 25
722 25
353 25
981 25
20 65
18 25
358 25
322 55
289 25
521 25
676 55
648 25
457 25
947 85
917 25
678 25
549 85
239 25
715 25
155 85
4 25
780 25
984 85
98 25
179 25
993 85
793 25
64 25
943 15
125 35
617 35
679 35
250 15
773 15
64 35
195 15
155 15
850 25
830 25
383 35
505 35
655 25
308 25
112 25
563 25
725 25
284 65
311 25
946 25
465 25
812 25
651 35
265 35
116 25
148 25
262 65
503 25
8 25
407 25
799 25
848 25
158 15
129 15
510 25
562 25
434 15
346 15
483 25
788 15
901 15
306 55
797 35
821 35
360 45
61 35
659 25
753 45
794 25
612 25
972 75
77 25
799 25
550 75
880 25
552 25
508 75
851 25
132 25
637 95
635 25
294 25
242 85
88 25
84 25
845 85
182 25
13 25
493 85
160 25
74 25
857 85
550 25
895 25
843 85
659 25
751 25
266 85
617 25
306 25
85 85
595 25
899 25
905 85
752 25
698 25
895 85
9 25
189 25
432 85
769 25
897 25
122 85
604 25
980 25
922 85
652 25
127 25
322 85
17 25
509 25
647 85
2 25
813 25
737 85
665 25
154 25
919 85
302 25
243 25
972 85
263 25
928 25
389 85
511 25
486 25
929 85
100 25
766 25
234 85
858 25
780 25
217 85
917 25
100 25
110 85
804 25
642 25
838 85
840 25
947 25
325 85
553 25
398 25
849 85
53 25
608 25
154 25
85 85
684 25
994 85
357 25
411 25
782 85
912 25
504 25
775 85
684 25
994 25
90 85
666 25
811 25
142 85
681 25
36 25
780 85
666 25
306 25
877 85
521 25
523 25
274 85
539 25
623 25
149 85
44 25
688 25
97 85
383 25
617 25
998 85
136 25
539 25
10 85
819 25
241 25
280 85
510 25
104 25
675 85
155 25
11 25
850 85
259 25
613 25
447 85
891 25
551 25
23 85
504 25
271 25
862 85
107 25
923 25
572 85
262 25
92 25
908 85
425 25
959 25
252 85
895 25
792 25
270 85
813 25
850 25
536 85
115 25
578 25
44 85
196 25
26 25
263 85
783 25
750 25
272 85
779 25
158 25
295 85
255 25
428 25
355 85
382 25
810 25
660 85
428 25
32 25
46 85
356 25
150 25
341 85
436 25
616 25
685 85
416 25
115 25
444 85
258 25
343 25
445 85
276 25
432 25
313 85
612 25
878 25
657 85
507 25
654 25
948 85
121 25
523 25
432 85
778 25
884 25
842 85
138 25
295 25
17 85
515 25
171 25
668 85
417 25
793 25
774 85
801 25
510 25
4 85
33 25
0 25
839 85
666 25
854 25
